ภาษาและการสื่อสาร
0041001
0041002
0041003
0041004
0041005
0041006
0041007
0041008
0041009
0041010
0041011
0041012
0041013
0041014
0041015
0041016
0041017
0041018
0041019
0041020
0041021
วิทยาศาสตรา์และเทคโนโลยี
0041022
0041023
0041024
0041025
0041026
0041027
0041028
0041029
คุณภาพชีวิตและสิ่งแวดล้อม
0042001
0042002
0042003
0042004
0042005
0042006
0042007
0042008
0042009
0042010
0042011
0042012
0042013
0042014
นวัตกรรมและการสร้างสรรค์
0043001
0043002
0043003
0043004
0043005
0043006
0043007
0043008
0043009
0043010
พลเมืองเข้มแข็ง
0044001
0044002
0044003
0044004
0044005
0044006
0044007
0044008
0044009
0044010
วิถีสังคม
0045001
0045002
0045003
0045004
0045005
0045006
0045007
0045008
0045009
0045010
0045011
0045012
0045013
0045014

